logM_*,[12.1 12.4],[12.1 12.4]_err,[12.4 12.7],[12.4 12.7]_err,[12.7 13.0],[12.7 13.0]_err,[13.0 13.3],[13.0 13.3]_err,[13.3 13.6],[13.3 13.6]_err,[13.6 13.9],[13.6 13.9]_err,[13.9 14.2],[13.9 14.2]_err,[14.2 14.5],[14.2 14.5]_err,[>14.5],[>14.5]_err
8.9,0.857,0.238,1.534,0.558,3.944,1.745,7.232,3.599,0.000,0.000,0.000,0.000,0.000,0.000,0.000,0.000,0.000,0.000
9.0,0.867,0.191,1.793,0.364,2.569,0.723,7.962,1.834,10.542,4.496,19.005,6.481,38.365,10.604,120.947,91.664,0.000,0.000
9.1,0.860,0.138,1.117,0.237,2.984,0.662,7.154,1.573,12.582,4.204,22.436,4.295,44.760,17.909,105.092,53.583,232.801,187.113
9.2,0.740,0.099,1.353,0.209,2.221,0.437,6.045,0.845,11.677,3.663,20.303,4.000,35.106,10.618,120.722,59.000,273.560,191.005
9.3,0.626,0.080,1.278,0.180,2.412,0.321,4.447,0.903,7.831,1.935,19.684,3.393,37.028,9.060,114.475,54.627,240.362,124.617
9.4,0.572,0.071,1.252,0.136,3.118,0.316,4.153,0.540,8.288,1.085,20.259,2.992,39.099,8.065,100.398,30.349,268.824,134.078
9.5,0.476,0.057,1.064,0.110,2.034,0.222,4.965,0.653,9.177,1.263,21.391,2.823,37.373,4.539,87.398,26.248,251.692,57.480
9.6,0.522,0.054,0.991,0.093,2.512,0.218,4.064,0.455,8.755,1.012,16.330,1.757,33.938,5.091,94.456,22.537,188.324,47.538
9.7,0.414,0.037,0.873,0.078,1.691,0.160,3.553,0.382,6.781,1.065,15.900,1.777,41.002,4.031,85.229,17.790,206.746,46.094
9.8,0.419,0.046,0.817,0.088,1.700,0.138,3.288,0.283,7.694,0.865,14.748,1.399,36.148,3.253,78.295,13.852,170.928,37.206
9.9,0.401,0.028,0.802,0.055,1.733,0.133,2.959,0.243,7.274,1.067,16.538,1.313,38.849,5.484,78.331,10.478,163.676,24.944
10.0,0.339,0.052,0.766,0.057,1.598,0.104,2.983,0.197,6.379,0.630,15.380,1.293,30.516,2.681,71.385,8.285,154.757,21.411
10.1,0.283,0.055,0.673,0.037,1.388,0.073,3.167,0.173,6.209,0.453,13.795,0.807,30.357,2.111,67.792,8.082,133.214,26.301
10.2,0.176,0.040,0.610,0.039,1.391,0.079,2.850,0.133,5.491,0.486,13.024,0.811,26.062,2.053,60.936,5.756,117.930,16.417
10.3,0.088,0.034,0.547,0.098,1.300,0.097,2.473,0.147,5.500,0.242,11.631,0.710,23.506,1.265,48.402,4.657,109.039,10.113
10.4,0.010,0.013,0.357,0.061,1.077,0.071,2.332,0.130,4.577,0.218,10.016,0.700,20.390,1.332,45.767,4.143,103.090,8.596
10.5,0.002,0.002,0.113,0.039,0.828,0.120,1.918,0.094,3.793,0.199,8.246,0.323,16.756,1.288,35.299,3.344,76.226,6.337
10.6,0.000,0.001,0.014,0.017,0.418,0.078,1.546,0.158,3.206,0.217,6.514,0.337,12.571,0.726,24.642,1.687,60.269,5.612
10.7,0.001,0.003,0.001,0.002,0.094,0.048,0.843,0.154,2.318,0.197,4.879,0.407,9.591,0.418,19.094,1.294,42.580,3.151
10.8,0.002,0.004,0.000,0.000,0.005,0.009,0.295,0.073,1.433,0.201,3.261,0.261,7.104,0.555,13.486,0.764,27.614,1.719
10.9,0.013,0.016,0.002,0.003,0.001,0.001,0.036,0.025,0.583,0.104,1.891,0.255,4.694,0.363,9.536,0.396,19.100,1.067
11.0,0.032,0.036,0.004,0.004,0.000,0.000,0.003,0.004,0.117,0.043,0.991,0.189,2.748,0.289,6.312,0.364,13.341,0.736
11.1,0.109,0.106,0.014,0.017,0.001,0.003,0.000,0.000,0.005,0.005,0.233,0.062,1.201,0.143,3.402,0.489,9.205,0.568
11.2,0.341,0.247,0.052,0.047,0.009,0.010,0.001,0.005,0.001,0.002,0.021,0.015,0.296,0.071,1.387,0.188,5.054,0.459
11.3,0.740,0.421,0.143,0.105,0.029,0.025,0.007,0.008,0.000,0.000,0.003,0.003,0.034,0.018,0.277,0.061,2.132,0.290
11.4,1.817,0.184,0.471,0.161,0.108,0.071,0.028,0.020,0.005,0.008,0.001,0.002,0.000,0.000,0.026,0.022,0.704,0.168
11.5,3.559,0.827,1.043,0.291,0.342,0.143,0.121,0.055,0.017,0.019,0.000,0.000,0.004,0.006,0.017,0.018,0.210,0.089
11.6,2.973,0.558,1.889,0.352,0.869,0.154,0.351,0.140,0.123,0.048,0.050,0.025,0.000,0.000,0.000,0.000,0.000,0.000
11.7,0.511,0.489,3.753,0.869,1.629,0.224,0.940,0.162,0.410,0.135,0.141,0.051,0.021,0.019,0.005,0.023,0.000,0.000
11.8,0.052,0.060,2.449,0.269,2.606,0.293,1.687,0.139,0.961,0.166,0.482,0.123,0.162,0.064,0.013,0.023,0.000,0.000
11.9,0.009,0.010,0.294,0.287,3.360,0.650,2.320,0.133,1.854,0.116,1.112,0.171,0.551,0.106,0.183,0.058,0.009,0.035
12.0,0.003,0.003,0.030,0.034,1.158,0.200,2.866,0.491,2.449,0.059,1.997,0.137,1.336,0.140,0.597,0.130,0.080,0.067
12.1,0.000,0.001,0.007,0.008,0.082,0.089,1.769,0.303,2.381,0.219,2.533,0.069,2.298,0.207,1.613,0.120,0.785,0.150
12.2,0.000,0.000,0.002,0.003,0.012,0.013,0.227,0.110,1.732,0.321,2.107,0.085,2.310,0.090,2.360,0.141,1.481,0.197
12.3,0.000,0.000,0.000,0.001,0.006,0.007,0.021,0.023,0.432,0.107,1.410,0.266,1.791,0.114,2.135,0.141,2.194,0.226
12.4,0.000,0.000,0.000,0.000,0.001,0.001,0.004,0.005,0.034,0.026,0.527,0.083,1.189,0.176,1.659,0.132,2.157,0.223
12.5,0.000,0.000,0.000,0.000,0.001,0.001,0.002,0.003,0.009,0.010,0.069,0.036,0.445,0.132,1.023,0.140,1.674,0.217
12.6,0.000,0.000,0.000,0.000,0.000,0.000,0.001,0.002,0.003,0.004,0.011,0.007,0.091,0.020,0.418,0.077,1.007,0.174
12.7,0.000,0.000,0.000,0.000,0.000,0.000,0.000,0.000,0.001,0.001,0.001,0.002,0.007,0.007,0.046,0.023,0.445,0.124
12.8,0.000,0.000,0.000,0.000,0.000,0.000,0.000,0.000,0.000,0.000,0.001,0.002,0.003,0.005,0.005,0.011,0.128,0.081
12.9,0.000,0.000,0.000,0.000,0.000,0.000,0.000,0.000,0.000,0.000,0.000,0.000,0.000,0.000,0.000,0.000,0.014,0.029
13.0,0.000,0.000,0.000,0.000,0.000,0.000,0.000,0.000,0.000,0.000,0.000,0.000,0.000,0.000,0.000,0.000,0.028,0.043
