0.00012420 40706.32648146
0.00013313 40310.60244892
0.00014270 39914.87890500
0.00015296 39519.15591617
0.00016395 39123.43355785
0.00017574 38727.71191563
0.00018838 38331.99108658
0.00020192 37936.27118083
0.00021644 37540.55232326
0.00023199 37144.83465547
0.00024867 36749.11833795
0.00026655 36353.40354360
0.00028571 35957.69047270
0.00030625 35561.97935728
0.00032827 35166.27046012
0.00035187 34770.56407496
0.00037717 34374.86053455
0.00040428 33979.16022494
0.00043335 33583.46357762
0.00046450 33187.77108134
0.00049789 32792.08327094
0.00053369 32396.40078036
0.00057206 32000.72431763
0.00061318 31605.05468118
0.00065726 31209.39276258
0.00070452 30813.73956168
0.00075516 30418.09624806
0.00080945 30022.46412099
0.00086765 29626.84464816
0.00093002 29231.23943048
0.00099688 28835.65035559
0.00106855 28440.07953947
0.00114537 28044.52935510
0.00122771 27649.00244858
0.00131597 27253.50174637
0.00141058 26858.03071161
0.00151199 26462.59315836
0.00162069 26067.19338127
0.00173720 25671.83603859
0.00186209 25276.52659078
0.00199596 24881.27118580
0.00213945 24486.07666602
0.00229326 24090.95064821
0.00245813 23695.90138449
0.00263484 23300.93881391
0.00282427 22906.07374368
0.00302731 22511.31828896
0.00324494 22116.68547940
0.00347823 21722.19046526
0.00372828 21327.85041458
0.00399631 20933.68422259
0.00428361 20539.71288845
0.00459157 20145.95838508
0.00492166 19752.44803256
0.00527548 19359.21089718
0.00565475 18966.27936722
0.00606127 18573.68781594
0.00649703 18181.47570684
0.00696411 17789.68826424
0.00746476 17398.37438983
0.00800142 17007.58870461
0.00857665 16617.38353824
0.00919323 16227.83037025
0.00985415 15839.00101345
0.01056258 15450.97516341
0.01132193 15063.83554590
0.01213588 14677.67501754
0.01300835 14292.60255255
0.01394353 13908.73240690
0.01494595 13526.19002945
0.01602044 13145.08968595
0.01717217 12765.59198557
0.01840670 12387.85579014
0.01972998 12012.05259604
0.02114839 11638.35333792
0.02266878 11266.94080806
0.02429847 10898.04372375
0.02604532 10531.88756574
0.02791775 10168.71359340
0.02992479 9808.71372690
0.03207613 9452.18813441
0.03438212 9099.42449253
0.03685390 8750.71694747
0.03950337 8406.33430941
0.04234332 8066.52408487
0.04538744 7731.67814368
0.04865040 7402.12820024
0.05214794 7078.21516382
0.05589693 6760.09440457
0.05991543 6448.17933725
0.06422283 6142.84837365
0.06883989 5844.43504552
0.07378888 5553.17269960
0.07909366 5269.09283941
0.08477981 4992.74002902
0.09087474 4724.38585416
0.09740785 4464.28773109
0.10441063 4212.15652154
0.11191685 3968.32178000
0.11996270 3733.12895649
0.12858697 3506.71068273
0.13783126 3288.99207025
0.14774013 3079.10769966
0.15836136 2877.92554537
0.16974617 2685.43491543
0.18194945 2501.60461374
0.19503003 2325.30741561
0.20905100 2156.69017476
0.22407995 1996.25371261
0.24018936 1843.89809958
0.25745689 1699.36435428
0.27596580 1560.84624883
0.29580535 1430.12322701
0.31707118 1307.07421364
0.33986585 1191.57773095
0.36429925 1082.74991067
0.39048921 980.95587025
0.41856199 886.74713454
0.44865296 799.91086117
0.48090722 720.25334140
0.51548027 647.01928177
0.55253883 580.71008231
0.59226157 520.78663271
0.63484004 466.78300134
0.68047953 418.23145156
0.72940010 374.70484125
0.78183763 335.74988654
0.83804497 300.92835453
0.89829313 269.84075636
0.96287261 242.12180924
1.03209479 217.43900217
1.10629345 195.49031864
1.18582634 176.00209844
1.27107696 158.72669290
1.36245636 143.44054412
1.46040515 129.94255768
1.56539560 118.05275807
1.67793395 107.61127105
1.79856284 98.47776914
1.92786389 90.53172552
2.06646057 83.67448006
2.21502115 77.83596820
2.37426194 72.99195447
2.54495076 69.30966408
2.72791063 66.73275331
2.92402373 64.62128387
3.13423565 62.53000687
3.35955999 60.42900373
3.60108318 58.31502863
3.85996981 56.19101658
4.13746813 54.06134166
4.43491617 51.92698307
4.75374814 49.79208972
5.09550137 47.66022359
5.46182368 45.53257155
5.85448139 43.41465369
6.27536778 41.31037038
6.72651225 39.22234804
7.21009009 37.15487425
7.72843298 35.11310556
8.28404022 33.10178990
8.87959080 31.12200764
9.51795630 29.17745151
10.20221473 27.27412588
10.93566541 25.41583945
11.72184482 23.60677888
12.56454371 21.85331378
13.46782533 20.15758961
14.43604506 18.52289880
15.47387138 16.95292339
16.58630841 15.45076626
17.77872000 14.02113434
