0.00012420 26805.04742560
0.00013313 26555.75731757
0.00014270 26306.46743734
0.00015296 26057.17781602
0.00016395 25807.88848888
0.00017574 25558.59949598
0.00018838 25309.31088281
0.00020192 25060.02270096
0.00021644 24810.73500898
0.00023199 24561.44787328
0.00024867 24312.16136917
0.00026655 24062.87557113
0.00028571 23813.59056886
0.00030625 23564.30647028
0.00032827 23315.02339759
0.00035187 23065.74148461
0.00037717 22816.46088312
0.00040428 22567.18177636
0.00043335 22317.90436530
0.00046450 22068.62887803
0.00049789 21819.35555094
0.00053369 21570.08468668
0.00057206 21320.81661706
0.00061318 21071.55171510
0.00065726 20822.29038965
0.00070452 20573.03309392
0.00075516 20323.78038902
0.00080945 20074.53288306
0.00086765 19825.29126443
0.00093002 19576.05624362
0.00099688 19326.82872173
0.00106855 19077.60970049
0.00114537 18828.40029519
0.00122771 18579.20173002
0.00131597 18330.01531975
0.00141058 18080.84274961
0.00151199 17831.68581692
0.00162069 17582.54655029
0.00173720 17333.42702623
0.00186209 17084.32985344
0.00199596 16835.25798217
0.00213945 16586.21465516
0.00229326 16337.20344073
0.00245813 16088.22799392
0.00263484 15839.29325099
0.00282427 15590.40435239
0.00302731 15341.56707975
0.00324494 15092.78727492
0.00347823 14844.07218439
0.00372828 14595.43020825
0.00399631 14346.87040987
0.00428361 14098.40282030
0.00459157 13850.03690495
0.00492166 13601.78667625
0.00527548 13353.66614015
0.00565475 13105.69099133
0.00606127 12857.87676633
0.00649703 12610.24235538
0.00696411 12362.81054998
0.00746476 12115.60523929
0.00800142 11868.65358123
0.00857665 11621.97598873
0.00919323 11375.61174593
0.00985415 11129.59588323
0.01056258 10883.96794964
0.01132193 10638.76576172
0.01213588 10394.03361191
0.01300835 10149.82912539
0.01394353 9906.20975126
0.01494595 9663.23953103
0.01602044 9420.96162711
0.01717217 9179.46761978
0.01840670 8938.83895279
0.01972998 8699.16405507
0.02114839 8460.52211154
0.02266878 8222.99791451
0.02429847 7986.72304337
0.02604532 7751.81629244
0.02791775 7518.40679501
0.02992479 7286.55525020
0.03207613 7056.44533075
0.03438212 6828.23782601
0.03685390 6602.09426957
0.03950337 6378.13911785
0.04234332 6156.46550525
0.04538744 5937.33784788
0.04865040 5720.94483218
0.05214794 5507.48523612
0.05589693 5296.93218377
0.05991543 5089.57537663
0.06422283 4885.66677773
0.06883989 4685.41056175
0.07378888 4488.89730817
0.07909366 4295.97990709
0.08477981 4107.15424883
0.09087474 3922.59811811
0.09740785 3742.49053563
0.10441063 3566.35158832
0.11191685 3394.48565839
0.11996270 3227.24393927
0.12858697 3064.73946681
0.13783126 2906.85002762
0.14774013 2752.46213753
0.15836136 2602.68676879
0.16974617 2457.55516131
0.18194945 2317.10181488
0.19503003 2179.93031337
0.20905100 2046.30462463
0.22407995 1917.01575976
0.24018936 1792.09402277
0.25745689 1671.37407679
0.27596580 1552.40926961
0.29580535 1437.90293604
0.31707118 1327.94021351
0.33986585 1222.63571803
0.36429925 1120.83129103
0.39048921 1023.31449051
0.41856199 931.41090424
0.44865296 845.23780211
0.48090722 764.97769449
0.51548027 689.51738566
0.55253883 620.61084705
0.59226157 557.85554445
0.63484004 500.95268680
0.68047953 449.53562303
0.72940010 403.34275821
0.78183763 361.98034971
0.83804497 324.99075988
0.89829313 291.95468186
0.96287261 262.48336169
1.03209479 236.22203934
1.10629345 212.84754045
1.18582634 192.06978025
1.27107696 173.62784040
1.36245636 157.28723111
1.46040515 142.83768116
1.56539560 130.09141613
1.67793395 118.88194701
1.79856284 109.06351496
1.92786389 100.51169144
2.06646057 93.12667675
2.21502115 86.84251065
2.37426194 81.64383089
2.54495076 77.69891190
2.72791063 74.85580124
2.92402373 72.45207974
3.13423565 70.10163456
3.35955999 67.74607258
3.60108318 65.37642023
3.85996981 62.99553557
4.13746813 60.60805260
4.43491617 58.21543761
4.75374814 55.82215487
5.09550137 53.43212591
5.46182368 51.04697001
5.85448139 48.67262951
6.27536778 46.31352075
6.72651225 43.97267361
7.21009009 41.65485892
7.72843298 39.36585044
8.28404022 37.11090188
8.87959080 34.89135351
9.51795630 32.71132137
10.20221473 30.57747456
10.93566541 28.49412243
11.72184482 26.46598401
12.56454371 24.50012706
13.46782533 22.59902289
14.43604506 20.76634466
15.47387138 19.00621504
16.58630841 17.32212677
17.77872000 15.71934710
